           1  3.42100104342702428E-014
           2  6.45517204749702414E-014
           3  1.21006776063756199E-013
           4  2.25350648469638890E-013
           5  4.16922359773404498E-013
           6  7.66299982343472857E-013
           7  1.39923189825401335E-012
           8  2.53821164403221953E-012
           9  4.57417968021792722E-012
          10  8.18928266714331409E-012
          11  1.45655120407967079E-011
          12  2.57367026311668725E-011
          13  4.51780317152054122E-011
          14  7.87859834675147739E-011
          15  1.36495353776363566E-010
          16  2.34927593341896323E-010
          17  4.01695941747246449E-010
          18  6.82351439257356864E-010
          19  1.15150554328142267E-009
          20  1.93050622918614004E-009
          21  3.21531580211215102E-009
          22  5.32014312222946975E-009
          23  8.74521014677849866E-009
          24  1.42811913263795842E-008
          25  2.31689247076515114E-008
          26  3.73417418497623964E-008
          27  5.97902706860346501E-008
          28  9.51072709892081613E-008
          29  1.50294875875131790E-007
          30  2.35951032035872087E-007
          31  3.67999172179352954E-007
          32  5.70189289831417432E-007
          33  8.77684689476290462E-007
          34  1.34216293989213911E-006
          35  2.03900934595991936E-006
          36  3.07737515552536683E-006
          37  4.61412040766968502E-006
          38  6.87297330209095357E-006
          39  1.01706250434986390E-005
          40  1.49519516383570086E-005
          41  2.18371208201145208E-005
          42  3.16840086769585761E-005
          43  4.56701169180393656E-005
          44  6.53990404926241482E-005
          45  9.30374680857845669E-005
          46  1.31489672218486239E-004
          47  1.84617410770303281E-004
          48  2.57514045773077414E-004
          49  3.56842391795358157E-004
          50  4.91246211944326326E-004
          51  6.71845233967467270E-004
          52  9.12822886096855269E-004
          53  1.23211445532207201E-003
          54  1.65220084066685594E-003
          55  2.20100930249450717E-003
          56  2.91291740608624113E-003
          57  3.82984957495623342E-003
          58  5.00244722565989283E-003
          59  6.49128336811682135E-003
          60  8.36808096973003929E-003
          61  1.07168816029860597E-002
          62  1.36350974143993157E-002
          63  1.72343659585458137E-002
          64  2.16411148307077382E-002
          65  2.69967323937384297E-002
          66  3.34572334759743323E-002
          67  4.11923060654099046E-002
          68  5.03836281086396040E-002
          69  6.12223538240367210E-002
          70  7.39056875313489903E-002
          71  8.86324906136614910E-002
          72  0.10559790410861231     
          73  0.12498701520821966     
          74  0.14696764954901706     
          75  0.17168243073350839     
          76  0.19924031138435100     
          77  0.22970784279877085     
          78  0.26310050893398640     
          79  0.29937450059476362     
          80  0.33841934275100544     
          81  0.38005180751399498     
          82  0.42401154362494170     
          83  0.46995882746643181     
          84  0.51747478898212318     
          85  0.56606438843968920     
          86  0.61516231842617419     
          87  0.66414188340507940     
          88  0.71232677196076388     
          89  0.75900549145010554     
          90  0.80344808932106060     
          91  0.84492464869636874     
          92  0.88272492691893112     
          93  0.91617841302618819     
          94  0.94467402077074425     
          95  0.96767861322964277     
          96  0.98475357633612493     
          97  0.99556872227515691     
          98  0.99991290727481374     
          99  0.99770088685850722     
         100  0.98897609763825067     
         101  0.97390923883570779     
         102  0.95279271824089307     
         103  0.92603121505433073     
         104  0.89412878507379190     
         105  0.85767308209482418     
         106  0.81731738504422680     
         107  0.77376119738645233     
         108  0.72773022050104652     
         109  0.67995649557349669     
         110  0.63115946133111578     
         111  0.58202859238271198     
         112  0.53320817166486445     
         113  0.48528461864945160     
         114  0.43877665138219285     
         115  0.39412841405838012     
         116  0.35170556113737378     
         117  0.31179416133355065     
         118  0.27460217611153243     
         119  0.24026318173605149     
         120  0.20884194381229090     
         121  0.18034141911868698     
         122  0.15471075025017997     
         123  0.13185383164328029     
         124  0.11163805738675139     
         125  9.39029075996304918E-002
         126  7.84680865440473829E-002
         127  6.51409875350690420E-002
         128  5.37233229453566927E-002
         129  4.40168185661438116E-002
         130  3.58279273718908886E-002
         131  2.89715662211151130E-002
         132  2.32739188790616336E-002
         133  1.85743793801029060E-002
         134  1.47267312191286508E-002
         135  1.15996707586573603E-002
         136  9.07678853902475768E-003
         137  7.05612111194403938E-003
         138  5.44937993557173279E-003
         139  4.18095413652805163E-003
         140  3.18677184835955071E-003
         141  2.41309152150595519E-003
         142  1.81528102811410043E-003
         143  1.35662931411649349E-003
         144  1.00722333474091859E-003
         145  7.42912410820781126E-004
         146  5.44373156637981354E-004
         147  3.96280811070891757E-004
         148  2.86587100072142398E-004
         149  2.05900540163093444E-004
         150  1.46962180575739630E-004
         151  1.04207971451764436E-004
         152  7.34080266800060904E-005
         153  5.13728205739889953E-005
         154  3.57166341548805326E-005
         155  2.46691901801265777E-005
         156  1.69272541194427321E-005
         157  1.15389260046570922E-005
         158  7.81432583235387044E-006
         159  5.25732586596560968E-006
         160  3.51386871176637809E-006
         161  2.33320779347196777E-006
         162  1.53910609889591808E-006
         163  1.00862784420304053E-006
         164  6.56660057580621762E-007
         165  4.24714903580612333E-007
         166  2.72898818142195354E-007
         167  1.74201969992876120E-007
         168  1.10471874293367735E-007
         169  6.95981404519898209E-008
         170  4.35602940865595827E-008
         171  2.70851486474908594E-008
         172  1.67308843403740212E-008
         173  1.02672425982946065E-008
         174  6.25944753942695216E-009
         175  3.79110172105799428E-009
         176  2.28108844236659983E-009
         177  1.36353429017096337E-009
         178  8.09724457703957123E-010
         179  4.77700508832952806E-010
         180  2.79976386295806734E-010
         181  1.63017548134788360E-010
         182  9.42962806838590585E-011
         183  5.41878628519516371E-011
         184  3.09354712335609291E-011
         185  1.75452153124177330E-011
         186  9.88571126484397763E-012
         187  5.53355708511838347E-012
         188  3.07714612866947079E-012
         189  1.69996155598050921E-012
         190  9.32990738701302193E-013
         191  5.08701266316749444E-013
         192  2.75546918119000548E-013
         193  1.48277600864196443E-013
         194  7.92688935621236418E-014
         195  4.20995346582697349E-014
         196  2.22125821931532393E-014
         197  1.16430846108462062E-014
         198  6.06295454780821585E-015
         199  3.13651829236432090E-015
         200  1.61197606956600752E-015
