           1  0.76666650380236356        40.721050875249823     
           2  0.81633186284286652        41.865820195250542     
           3  0.86169034832368618        42.911317571757863     
           4  0.90187825539846544        43.837634907281974     
           5  0.93607301046170599        44.625812165185479     
           6  0.96353108603563753        45.258711294690684     
           7  0.98362571816150657        45.721885603682104     
           8  0.99588113826428371        46.004368791328808     
           9   1.0000000000000000        46.099307127413880     
          10   1.0000000000000000        46.099307127413880     
          11   1.0000000000000000        46.099307127413880     
          12   1.0000000000000000        46.099307127413880     
          13   1.0000000000000000        46.099307127413880     
          14   1.0000000000000000        46.099307127413880     
          15   1.0000000000000000        46.099307127413880     
          16   1.0000000000000000        46.099307127413880     
          17   1.0000000000000000        46.099307127413880     
          18   1.0000000000000000        46.099307127413880     
          19   1.0000000000000000        46.099307127413880     
          20   1.0000000000000000        46.099307127413880     
          21   1.0000000000000000        46.099307127413880     
          22   1.0000000000000000        46.099307127413880     
          23   1.0000000000000000        46.099307127413880     
          24   1.0000000000000000        46.099307127413880     
          25   1.0000000000000000        46.099307127413880     
          26   1.0000000000000000        46.099307127413880     
          27   1.0000000000000000        46.099307127413880     
          28   1.0000000000000000        46.099307127413880     
          29   1.0000000000000000        46.099307127413880     
          30   1.0000000000000000        46.099307127413880     
          31   1.0000000000000000        46.099307127413880     
          32   1.0000000000000000        46.099307127413880     
          33   1.0000000000000000        46.099307127413880     
          34   1.0000000000000000        46.099307127413880     
          35   1.0000000000000000        46.099307127413880     
          36   1.0000000000000000        46.099307127413880     
          37   1.0000000000000000        46.099307127413880     
          38   1.0000000000000000        46.099307127413880     
          39   1.0000000000000000        46.099307127413880     
          40   1.0000000000000000        46.099307127413880     
          41   1.0000000000000000        46.099307127413880     
          42   1.0000000000000000        46.099307127413880     
          43   1.0000000000000000        46.099307127413880     
          44   1.0000000000000000        46.099307127413880     
          45   1.0000000000000000        46.099307127413880     
          46   1.0000000000000000        46.099307127413880     
          47   1.0000000000000000        46.099307127413880     
          48   1.0000000000000000        46.099307127413880     
          49   1.0000000000000000        46.099307127413880     
          50   1.0000000000000000        46.099307127413880     
          51   1.0000000000000000        46.099307127413880     
          52   1.0000000000000000        46.099307127413880     
          53   1.0000000000000000        46.099307127413880     
          54   1.0000000000000000        46.099307127413880     
          55   1.0000000000000000        46.099307127413880     
          56   1.0000000000000000        46.099307127413880     
          57   1.0000000000000000        46.099307127413880     
          58   1.0000000000000000        46.099307127413880     
          59   1.0000000000000000        46.099307127413880     
          60   1.0000000000000000        46.099307127413880     
          61   1.0000000000000000        46.099307127413880     
          62   1.0000000000000000        46.099307127413880     
          63   1.0000000000000000        46.099307127413880     
          64   1.0000000000000000        46.099307127413880     
          65   1.0000000000000000        46.099307127413880     
          66   1.0000000000000000        46.099307127413880     
          67   1.0000000000000000        46.099307127413880     
          68   1.0000000000000000        46.099307127413880     
          69   1.0000000000000000        46.099307127413880     
          70   1.0000000000000000        46.099307127413880     
          71   1.0000000000000000        46.099307127413880     
          72   1.0000000000000000        46.099307127413880     
          73   1.0000000000000000        46.099307127413880     
          74   1.0000000000000000        46.099307127413880     
          75   1.0000000000000000        46.099307127413880     
          76   1.0000000000000000        46.099307127413880     
          77   1.0000000000000000        46.099307127413880     
          78   1.0000000000000000        46.099307127413880     
          79   1.0000000000000000        46.099307127413880     
          80   1.0000000000000000        46.099307127413880     
          81   1.0000000000000000        46.099307127413880     
          82   1.0000000000000000        46.099307127413880     
          83   1.0000000000000000        46.099307127413880     
          84   1.0000000000000000        46.099307127413880     
          85   1.0000000000000000        46.099307127413880     
          86   1.0000000000000000        46.099307127413880     
          87   1.0000000000000000        46.099307127413880     
          88   1.0000000000000000        46.099307127413880     
          89   1.0000000000000000        46.099307127413880     
          90   1.0000000000000000        46.099307127413880     
          91   1.0000000000000000        46.099307127413880     
          92   1.0000000000000000        46.099307127413880     
          93  0.99588113826428371        46.004368791328808     
          94  0.98362571816150657        45.721885603682104     
          95  0.96353108603563753        45.258711294690684     
          96  0.93607301046170599        44.625812165185479     
          97  0.90187825539846544        43.837634907281974     
          98  0.86169034832368618        42.911317571757863     
          99  0.81633186284286652        41.865820195250542     
         100  0.76666650380236356        40.721050875249823     
