           1  0.81633186284286652       2.94977749251788411E-004
           2  0.86169034832368629       3.02344103512435783E-004
           3  0.90187825539846522       3.08870740311893753E-004
           4  0.93607301046170599       3.14424071226313581E-004
           5  0.96353108603563731       3.18883345160376845E-004
           6  0.98362571816150646       3.22146773764912808E-004
           7  0.99588113826428359       3.24137090794529938E-004
           8   1.0000000000000000       3.24806006309990474E-004
           9   1.0000000000000000       3.24806006309990474E-004
          10   1.0000000000000000       3.24806006309990474E-004
          11   1.0000000000000000       3.24806006309990474E-004
          12   1.0000000000000000       3.24806006309990474E-004
          13   1.0000000000000000       3.24806006309990474E-004
          14   1.0000000000000000       3.24806006309990474E-004
          15   1.0000000000000000       3.24806006309990474E-004
          16   1.0000000000000000       3.24806006309990474E-004
          17   1.0000000000000000       3.24806006309990474E-004
          18   1.0000000000000000       3.24806006309990474E-004
          19   1.0000000000000000       3.24806006309990474E-004
          20   1.0000000000000000       3.24806006309990474E-004
          21   1.0000000000000000       3.24806006309990474E-004
          22   1.0000000000000000       3.24806006309990474E-004
          23   1.0000000000000000       3.24806006309990474E-004
          24   1.0000000000000000       3.24806006309990474E-004
          25   1.0000000000000000       3.24806006309990474E-004
          26   1.0000000000000000       3.24806006309990474E-004
          27   1.0000000000000000       3.24806006309990474E-004
          28   1.0000000000000000       3.24806006309990474E-004
          29   1.0000000000000000       3.24806006309990474E-004
          30   1.0000000000000000       3.24806006309990474E-004
          31   1.0000000000000000       3.24806006309990474E-004
          32   1.0000000000000000       3.24806006309990474E-004
          33   1.0000000000000000       3.24806006309990474E-004
          34   1.0000000000000000       3.24806006309990474E-004
          35   1.0000000000000000       3.24806006309990474E-004
          36   1.0000000000000000       3.24806006309990474E-004
          37   1.0000000000000000       3.24806006309990474E-004
          38   1.0000000000000000       3.24806006309990474E-004
          39   1.0000000000000000       3.24806006309990474E-004
          40   1.0000000000000000       3.24806006309990474E-004
          41   1.0000000000000000       3.24806006309990474E-004
          42   1.0000000000000000       3.24806006309990474E-004
          43   1.0000000000000000       3.24806006309990474E-004
          44   1.0000000000000000       3.24806006309990474E-004
          45   1.0000000000000000       3.24806006309990474E-004
          46   1.0000000000000000       3.24806006309990474E-004
          47   1.0000000000000000       3.24806006309990474E-004
          48   1.0000000000000000       3.24806006309990474E-004
          49   1.0000000000000000       3.24806006309990474E-004
          50   1.0000000000000000       3.24806006309990474E-004
          51   1.0000000000000000       3.24806006309990474E-004
          52   1.0000000000000000       3.24806006309990474E-004
          53   1.0000000000000000       3.24806006309990474E-004
          54   1.0000000000000000       3.24806006309990474E-004
          55   1.0000000000000000       3.24806006309990474E-004
          56   1.0000000000000000       3.24806006309990474E-004
          57   1.0000000000000000       3.24806006309990474E-004
          58   1.0000000000000000       3.24806006309990474E-004
          59   1.0000000000000000       3.24806006309990474E-004
          60   1.0000000000000000       3.24806006309990474E-004
          61   1.0000000000000000       3.24806006309990474E-004
          62   1.0000000000000000       3.24806006309990474E-004
          63   1.0000000000000000       3.24806006309990474E-004
          64   1.0000000000000000       3.24806006309990474E-004
          65   1.0000000000000000       3.24806006309990474E-004
          66   1.0000000000000000       3.24806006309990474E-004
          67   1.0000000000000000       3.24806006309990474E-004
          68   1.0000000000000000       3.24806006309990474E-004
          69   1.0000000000000000       3.24806006309990474E-004
          70   1.0000000000000000       3.24806006309990474E-004
          71   1.0000000000000000       3.24806006309990474E-004
          72   1.0000000000000000       3.24806006309990474E-004
          73   1.0000000000000000       3.24806006309990474E-004
          74   1.0000000000000000       3.24806006309990474E-004
          75   1.0000000000000000       3.24806006309990474E-004
          76   1.0000000000000000       3.24806006309990474E-004
          77   1.0000000000000000       3.24806006309990474E-004
          78   1.0000000000000000       3.24806006309990474E-004
          79   1.0000000000000000       3.24806006309990474E-004
          80   1.0000000000000000       3.24806006309990474E-004
          81   1.0000000000000000       3.24806006309990474E-004
          82   1.0000000000000000       3.24806006309990474E-004
          83   1.0000000000000000       3.24806006309990474E-004
          84   1.0000000000000000       3.24806006309990474E-004
          85   1.0000000000000000       3.24806006309990474E-004
          86   1.0000000000000000       3.24806006309990474E-004
          87   1.0000000000000000       3.24806006309990474E-004
          88   1.0000000000000000       3.24806006309990474E-004
          89   1.0000000000000000       3.24806006309990474E-004
          90   1.0000000000000000       3.24806006309990474E-004
          91   1.0000000000000000       3.24806006309990474E-004
          92   1.0000000000000000       3.24806006309990474E-004
          93  0.99588113826428359       3.24137090794529938E-004
          94  0.98362571816150646       3.22146773764912808E-004
          95  0.96353108603563731       3.18883345160376845E-004
          96  0.93607301046170599       3.14424071226313581E-004
          97  0.90187825539846522       3.08870740311893753E-004
          98  0.86169034832368629       3.02344103512435783E-004
          99  0.81633186284286652       2.94977749251788411E-004
         100  0.76666650380236345       2.86911945790839626E-004
