           1  0.57300460371826023        81325.821256580850     
           2  0.43870664972179296        62265.081899569712     
           3  0.32231508959152139        45745.774456826737     
           4  0.22382992332744539        31767.898928351893     
           5  0.14325115092956506        20331.455314145212     
           6  8.05787723978803466E-002   11436.443614206684     
           7  3.58127877323912644E-002   5082.8638285363031     
           8  8.95319693309781610E-003   1270.7159571340758     
           9   0.0000000000000000        0.0000000000000000     
          10   0.0000000000000000        0.0000000000000000     
          11   0.0000000000000000        0.0000000000000000     
          12   0.0000000000000000        0.0000000000000000     
          13   0.0000000000000000        0.0000000000000000     
          14   0.0000000000000000        0.0000000000000000     
          15   0.0000000000000000        0.0000000000000000     
          16   0.0000000000000000        0.0000000000000000     
          17   0.0000000000000000        0.0000000000000000     
          18   0.0000000000000000        0.0000000000000000     
          19   0.0000000000000000        0.0000000000000000     
          20   0.0000000000000000        0.0000000000000000     
          21   0.0000000000000000        0.0000000000000000     
          22   0.0000000000000000        0.0000000000000000     
          23   0.0000000000000000        0.0000000000000000     
          24   0.0000000000000000        0.0000000000000000     
          25   0.0000000000000000        0.0000000000000000     
          26   0.0000000000000000        0.0000000000000000     
          27   0.0000000000000000        0.0000000000000000     
          28   0.0000000000000000        0.0000000000000000     
          29   0.0000000000000000        0.0000000000000000     
          30   0.0000000000000000        0.0000000000000000     
          31   0.0000000000000000        0.0000000000000000     
          32   0.0000000000000000        0.0000000000000000     
          33   0.0000000000000000        0.0000000000000000     
          34   0.0000000000000000        0.0000000000000000     
          35   0.0000000000000000        0.0000000000000000     
          36   0.0000000000000000        0.0000000000000000     
          37   0.0000000000000000        0.0000000000000000     
          38   0.0000000000000000        0.0000000000000000     
          39   0.0000000000000000        0.0000000000000000     
          40   0.0000000000000000        0.0000000000000000     
          41   0.0000000000000000        0.0000000000000000     
          42   0.0000000000000000        0.0000000000000000     
          43   0.0000000000000000        0.0000000000000000     
          44   0.0000000000000000        0.0000000000000000     
          45   0.0000000000000000        0.0000000000000000     
          46   0.0000000000000000        0.0000000000000000     
          47   0.0000000000000000        0.0000000000000000     
          48   0.0000000000000000        0.0000000000000000     
          49   0.0000000000000000        0.0000000000000000     
          50   0.0000000000000000        0.0000000000000000     
          51   0.0000000000000000        0.0000000000000000     
          52   0.0000000000000000        0.0000000000000000     
          53   0.0000000000000000        0.0000000000000000     
          54   0.0000000000000000        0.0000000000000000     
          55   0.0000000000000000        0.0000000000000000     
          56   0.0000000000000000        0.0000000000000000     
          57   0.0000000000000000        0.0000000000000000     
          58   0.0000000000000000        0.0000000000000000     
          59   0.0000000000000000        0.0000000000000000     
          60   0.0000000000000000        0.0000000000000000     
          61   0.0000000000000000        0.0000000000000000     
          62   0.0000000000000000        0.0000000000000000     
          63   0.0000000000000000        0.0000000000000000     
          64   0.0000000000000000        0.0000000000000000     
          65   0.0000000000000000        0.0000000000000000     
          66   0.0000000000000000        0.0000000000000000     
          67   0.0000000000000000        0.0000000000000000     
          68   0.0000000000000000        0.0000000000000000     
          69   0.0000000000000000        0.0000000000000000     
          70   0.0000000000000000        0.0000000000000000     
          71   0.0000000000000000        0.0000000000000000     
          72   0.0000000000000000        0.0000000000000000     
          73   0.0000000000000000        0.0000000000000000     
          74   0.0000000000000000        0.0000000000000000     
          75   0.0000000000000000        0.0000000000000000     
          76   0.0000000000000000        0.0000000000000000     
          77   0.0000000000000000        0.0000000000000000     
          78   0.0000000000000000        0.0000000000000000     
          79   0.0000000000000000        0.0000000000000000     
          80   0.0000000000000000        0.0000000000000000     
          81   0.0000000000000000        0.0000000000000000     
          82   0.0000000000000000        0.0000000000000000     
          83   0.0000000000000000        0.0000000000000000     
          84   0.0000000000000000        0.0000000000000000     
          85   0.0000000000000000        0.0000000000000000     
          86   0.0000000000000000        0.0000000000000000     
          87   0.0000000000000000        0.0000000000000000     
          88   0.0000000000000000        0.0000000000000000     
          89   0.0000000000000000        0.0000000000000000     
          90   0.0000000000000000        0.0000000000000000     
          91   0.0000000000000000        0.0000000000000000     
          92   0.0000000000000000        0.0000000000000000     
          93  8.95319693309781610E-003   1270.7159571340758     
          94  3.58127877323912644E-002   5082.8638285363031     
          95  8.05787723978803466E-002   11436.443614206684     
          96  0.14325115092956506        20331.455314145212     
          97  0.22382992332744539        31767.898928351893     
          98  0.32231508959152139        45745.774456826737     
          99  0.43870664972179296        62265.081899569712     
         100  0.57300460371826023        81325.821256580850     
