  4.08163265306122436E-012   0.0000000000000000     
  8.16326530612244872E-012   0.0000000000000000     
  1.22448979591836723E-011   0.0000000000000000     
  1.63265306122448974E-011   0.0000000000000000     
  2.04081632653061226E-011   0.0000000000000000     
  2.44897959183673445E-011   0.0000000000000000     
  2.85714285714285697E-011   0.0000000000000000     
  3.26530612244897949E-011   0.0000000000000000     
  3.67346938775510200E-011   0.0000000000000000     
  4.08163265306122452E-011   0.0000000000000000     
  4.48979591836734704E-011   0.0000000000000000     
  4.89795918367346891E-011   0.0000000000000000     
  5.30612244897959142E-011   0.0000000000000000     
  5.71428571428571394E-011   0.0000000000000000     
  6.12244897959183646E-011   0.0000000000000000     
  6.53061224489795897E-011   0.0000000000000000     
  6.93877551020408149E-011   0.0000000000000000     
  7.34693877551020401E-011   0.0000000000000000     
  7.75510204081632652E-011   0.0000000000000000     
  8.16326530612244904E-011   0.0000000000000000     
  8.57142857142857156E-011   0.0000000000000000     
  8.97959183673469407E-011   0.0000000000000000     
  9.38775510204081659E-011   0.0000000000000000     
  9.79591836734693781E-011   0.0000000000000000     
  1.02040816326530603E-010   0.0000000000000000     
  1.06122448979591828E-010   0.0000000000000000     
  1.10204081632653054E-010   0.0000000000000000     
  1.14285714285714279E-010   0.0000000000000000     
  1.18367346938775504E-010   0.0000000000000000     
  1.22448979591836729E-010   0.0000000000000000     
  1.26530612244897954E-010   0.0000000000000000     
  1.30612244897959179E-010   0.0000000000000000     
  1.34693877551020405E-010   0.0000000000000000     
  1.38775510204081630E-010   0.0000000000000000     
  1.42857142857142855E-010   0.0000000000000000     
  1.46938775510204080E-010   0.0000000000000000     
  1.51020408163265305E-010   0.0000000000000000     
  1.55102040816326530E-010   0.0000000000000000     
  1.59183673469387756E-010   0.0000000000000000     
  1.63265306122448981E-010   0.0000000000000000     
  1.67346938775510206E-010   0.0000000000000000     
  1.71428571428571431E-010   0.0000000000000000     
  1.75510204081632656E-010   0.0000000000000000     
  1.79591836734693881E-010   0.0000000000000000     
  1.83673469387755107E-010   0.0000000000000000     
  1.87755102040816332E-010   0.0000000000000000     
  1.91836734693877557E-010   0.0000000000000000     
  1.95918367346938756E-010   0.0000000000000000     
  1.99999999999999981E-010   0.0000000000000000     
  2.04081632653061207E-010   0.0000000000000000     
  2.08163265306122432E-010   0.0000000000000000     
  2.12244897959183657E-010   0.0000000000000000     
  2.16326530612244882E-010   0.0000000000000000     
  2.20408163265306107E-010   0.0000000000000000     
  2.24489795918367332E-010   0.0000000000000000     
  2.28571428571428558E-010   0.0000000000000000     
  2.32653061224489783E-010   0.0000000000000000     
  2.36734693877551008E-010   0.0000000000000000     
  2.40816326530612233E-010   0.0000000000000000     
  2.44897959183673458E-010   0.0000000000000000     
  2.48979591836734683E-010   0.0000000000000000     
  2.53061224489795909E-010   0.0000000000000000     
  2.57142857142857134E-010   0.0000000000000000     
  2.61224489795918359E-010   0.0000000000000000     
  2.65306122448979584E-010   0.0000000000000000     
  2.69387755102040809E-010   0.0000000000000000     
  2.73469387755102034E-010   0.0000000000000000     
  2.77551020408163260E-010   0.0000000000000000     
  2.81632653061224485E-010   0.0000000000000000     
  2.85714285714285710E-010   0.0000000000000000     
  2.89795918367346935E-010   0.0000000000000000     
  2.93877551020408160E-010   0.0000000000000000     
  2.97959183673469385E-010   0.0000000000000000     
  3.02040816326530611E-010   0.0000000000000000     
  3.06122448979591836E-010   0.0000000000000000     
  3.10204081632653061E-010   0.0000000000000000     
  3.14285714285714286E-010   0.0000000000000000     
  3.18367346938775511E-010   0.0000000000000000     
  3.22448979591836736E-010   0.0000000000000000     
  3.26530612244897962E-010   0.0000000000000000     
  3.30612244897959187E-010   0.0000000000000000     
  3.34693877551020412E-010   0.0000000000000000     
  3.38775510204081637E-010   0.0000000000000000     
  3.42857142857142862E-010   0.0000000000000000     
  3.46938775510204087E-010   0.0000000000000000     
  3.51020408163265313E-010   0.0000000000000000     
  3.55102040816326538E-010   0.0000000000000000     
  3.59183673469387763E-010   0.0000000000000000     
  3.63265306122448988E-010   0.0000000000000000     
  3.67346938775510213E-010   0.0000000000000000     
  3.71428571428571438E-010   0.0000000000000000     
  3.75510204081632664E-010   0.0000000000000000     
  3.79591836734693889E-010   0.0000000000000000     
  3.83673469387755114E-010   0.0000000000000000     
  3.87755102040816339E-010   0.0000000000000000     
  3.91836734693877513E-010   0.0000000000000000     
  3.95918367346938738E-010   0.0000000000000000     
  3.99999999999999963E-010   0.0000000000000000     
  4.04081632653061188E-010   0.0000000000000000     
  4.08163265306122413E-010   0.0000000000000000     
  4.12244897959183638E-010   0.0000000000000000     
  4.16326530612244864E-010   0.0000000000000000     
  4.20408163265306089E-010   0.0000000000000000     
  4.24489795918367314E-010   0.0000000000000000     
  4.28571428571428539E-010   0.0000000000000000     
  4.32653061224489764E-010   0.0000000000000000     
  4.36734693877550989E-010   0.0000000000000000     
  4.40816326530612215E-010   0.0000000000000000     
  4.44897959183673440E-010   0.0000000000000000     
  4.48979591836734665E-010   0.0000000000000000     
  4.53061224489795890E-010   0.0000000000000000     
  4.57142857142857115E-010   0.0000000000000000     
  4.61224489795918340E-010   0.0000000000000000     
  4.65306122448979566E-010   0.0000000000000000     
  4.69387755102040791E-010   0.0000000000000000     
  4.73469387755102016E-010   0.0000000000000000     
  4.77551020408163241E-010   0.0000000000000000     
  4.81632653061224466E-010   0.0000000000000000     
  4.85714285714285691E-010   0.0000000000000000     
  4.89795918367346917E-010   0.0000000000000000     
  4.93877551020408142E-010   0.0000000000000000     
  4.97959183673469367E-010   0.0000000000000000     
  5.02040816326530592E-010   0.0000000000000000     
  5.06122448979591817E-010   0.0000000000000000     
  5.10204081632653042E-010   0.0000000000000000     
  5.14285714285714268E-010   0.0000000000000000     
  5.18367346938775493E-010   0.0000000000000000     
  5.22448979591836718E-010   0.0000000000000000     
  5.26530612244897943E-010   0.0000000000000000     
  5.30612244897959168E-010   0.0000000000000000     
  5.34693877551020393E-010   0.0000000000000000     
  5.38775510204081619E-010   0.0000000000000000     
  5.42857142857142844E-010   0.0000000000000000     
  5.46938775510204069E-010   0.0000000000000000     
  5.51020408163265294E-010   0.0000000000000000     
  5.55102040816326519E-010   0.0000000000000000     
  5.59183673469387744E-010   0.0000000000000000     
  5.63265306122448970E-010   0.0000000000000000     
  5.67346938775510195E-010   0.0000000000000000     
  5.71428571428571420E-010   0.0000000000000000     
  5.75510204081632645E-010   0.0000000000000000     
  5.79591836734693870E-010   0.0000000000000000     
  5.83673469387755095E-010   0.0000000000000000     
  5.87755102040816321E-010   0.0000000000000000     
  5.91836734693877546E-010   0.0000000000000000     
  5.95918367346938771E-010   0.0000000000000000     
  5.99999999999999996E-010   0.0000000000000000     
  6.04081632653061221E-010   0.0000000000000000     
  6.08163265306122446E-010   0.0000000000000000     
  6.12244897959183672E-010   0.0000000000000000     
  6.16326530612244897E-010   0.0000000000000000     
  6.20408163265306122E-010   0.0000000000000000     
  6.24489795918367347E-010   0.0000000000000000     
  6.28571428571428572E-010   0.0000000000000000     
  6.32653061224489797E-010   0.0000000000000000     
  6.36734693877551023E-010   0.0000000000000000     
  6.40816326530612248E-010   0.0000000000000000     
  6.44897959183673473E-010   0.0000000000000000     
  6.48979591836734698E-010   0.0000000000000000     
  6.53061224489795923E-010   0.0000000000000000     
  6.57142857142857148E-010   0.0000000000000000     
  6.61224489795918374E-010   0.0000000000000000     
  6.65306122448979599E-010   0.0000000000000000     
  6.69387755102040824E-010   0.0000000000000000     
  6.73469387755102049E-010   0.0000000000000000     
  6.77551020408163274E-010   0.0000000000000000     
  6.81632653061224499E-010   0.0000000000000000     
  6.85714285714285724E-010   0.0000000000000000     
  6.89795918367346950E-010   0.0000000000000000     
  6.93877551020408175E-010   0.0000000000000000     
  6.97959183673469400E-010   0.0000000000000000     
  7.02040816326530625E-010   0.0000000000000000     
  7.06122448979591850E-010   0.0000000000000000     
  7.10204081632653075E-010   0.0000000000000000     
  7.14285714285714301E-010   0.0000000000000000     
  7.18367346938775526E-010   0.0000000000000000     
  7.22448979591836751E-010   0.0000000000000000     
  7.26530612244897976E-010   0.0000000000000000     
  7.30612244897959201E-010   0.0000000000000000     
  7.34693877551020426E-010   0.0000000000000000     
  7.38775510204081652E-010   0.0000000000000000     
  7.42857142857142877E-010   0.0000000000000000     
  7.46938775510204102E-010   0.0000000000000000     
  7.51020408163265327E-010   0.0000000000000000     
  7.55102040816326552E-010   0.0000000000000000     
  7.59183673469387777E-010   0.0000000000000000     
  7.63265306122449003E-010   0.0000000000000000     
  7.67346938775510228E-010   0.0000000000000000     
  7.71428571428571453E-010   0.0000000000000000     
  7.75510204081632678E-010   0.0000000000000000     
  7.79591836734693903E-010   0.0000000000000000     
  7.83673469387755025E-010   0.0000000000000000     
  7.87755102040816250E-010   0.0000000000000000     
  7.91836734693877475E-010   0.0000000000000000     
  7.95918367346938701E-010   0.0000000000000000     
  7.99999999999999926E-010   0.0000000000000000     
  8.04081632653061151E-010   0.0000000000000000     
  8.08163265306122376E-010   0.0000000000000000     
  8.12244897959183601E-010   0.0000000000000000     
  8.16326530612244826E-010   0.0000000000000000     
  8.20408163265306052E-010   0.0000000000000000     
  8.24489795918367277E-010   0.0000000000000000     
  8.28571428571428502E-010   0.0000000000000000     
  8.32653061224489727E-010   0.0000000000000000     
  8.36734693877550952E-010   0.0000000000000000     
  8.40816326530612177E-010   0.0000000000000000     
  8.44897959183673403E-010   0.0000000000000000     
  8.48979591836734628E-010   0.0000000000000000     
  8.53061224489795853E-010   0.0000000000000000     
  8.57142857142857078E-010   0.0000000000000000     
  8.61224489795918303E-010   0.0000000000000000     
  8.65306122448979528E-010   0.0000000000000000     
  8.69387755102040754E-010   0.0000000000000000     
  8.73469387755101979E-010   0.0000000000000000     
  8.77551020408163204E-010   0.0000000000000000     
  8.81632653061224429E-010   0.0000000000000000     
  8.85714285714285654E-010   0.0000000000000000     
  8.89795918367346879E-010   0.0000000000000000     
  8.93877551020408105E-010   0.0000000000000000     
  8.97959183673469330E-010   0.0000000000000000     
  9.02040816326530555E-010   0.0000000000000000     
  9.06122448979591780E-010   0.0000000000000000     
  9.10204081632653005E-010   0.0000000000000000     
  9.14285714285714230E-010   0.0000000000000000     
  9.18367346938775456E-010   0.0000000000000000     
  9.22448979591836681E-010   0.0000000000000000     
  9.26530612244897906E-010   0.0000000000000000     
  9.30612244897959131E-010   0.0000000000000000     
  9.34693877551020460E-010   0.0000000000000000     
  9.38775510204081581E-010   0.0000000000000000     
  9.42857142857142910E-010   0.0000000000000000     
  9.46938775510204032E-010   0.0000000000000000     
  9.51020408163265360E-010   0.0000000000000000     
  9.55102040816326482E-010   0.0000000000000000     
  9.59183673469387811E-010   0.0000000000000000     
  9.63265306122448932E-010   0.0000000000000000     
  9.67346938775510261E-010   0.0000000000000000     
  9.71428571428571383E-010   0.0000000000000000     
  9.75510204081632711E-010   0.0000000000000000     
  9.79591836734693833E-010   0.0000000000000000     
  9.83673469387755162E-010   0.0000000000000000     
  9.87755102040816283E-010   0.0000000000000000     
  9.91836734693877612E-010   0.0000000000000000     
  9.95918367346938734E-010   0.0000000000000000     
  1.00000000000000006E-009   0.0000000000000000     
  1.00408163265306118E-009   0.0000000000000000     
  1.00816326530612251E-009   0.0000000000000000     
  1.01224489795918363E-009   0.0000000000000000     
  1.01632653061224496E-009   0.0000000000000000     
  1.02040816326530608E-009   0.0000000000000000     
  1.02448979591836741E-009   0.0000000000000000     
  1.02857142857142854E-009   0.0000000000000000     
  1.03265306122448986E-009   0.0000000000000000     
  1.03673469387755099E-009   0.0000000000000000     
  1.04081632653061231E-009   0.0000000000000000     
  1.04489795918367344E-009   0.0000000000000000     
  1.04897959183673456E-009   0.0000000000000000     
  1.05306122448979589E-009   0.0000000000000000     
  1.05714285714285701E-009   0.0000000000000000     
  1.06122448979591834E-009   0.0000000000000000     
  1.06530612244897946E-009   0.0000000000000000     
  1.06938775510204079E-009   0.0000000000000000     
  1.07346938775510191E-009   0.0000000000000000     
  1.07755102040816324E-009   0.0000000000000000     
  1.08163265306122436E-009   0.0000000000000000     
  1.08571428571428569E-009   0.0000000000000000     
  1.08979591836734681E-009   0.0000000000000000     
  1.09387755102040814E-009   0.0000000000000000     
  1.09795918367346926E-009   0.0000000000000000     
  1.10204081632653059E-009   0.0000000000000000     
  1.10612244897959171E-009   0.0000000000000000     
  1.11020408163265304E-009   0.0000000000000000     
  1.11428571428571416E-009   0.0000000000000000     
  1.11836734693877549E-009   0.0000000000000000     
  1.12244897959183661E-009   0.0000000000000000     
  1.12653061224489794E-009   0.0000000000000000     
  1.13061224489795906E-009   0.0000000000000000     
  1.13469387755102039E-009   0.0000000000000000     
  1.13877551020408151E-009   0.0000000000000000     
  1.14285714285714284E-009   0.0000000000000000     
  1.14693877551020396E-009   0.0000000000000000     
  1.15102040816326529E-009   0.0000000000000000     
  1.15510204081632641E-009   0.0000000000000000     
  1.15918367346938774E-009   0.0000000000000000     
  1.16326530612244886E-009   0.0000000000000000     
  1.16734693877551019E-009   0.0000000000000000     
  1.17142857142857131E-009   0.0000000000000000     
  1.17551020408163264E-009   0.0000000000000000     
  1.17959183673469376E-009   0.0000000000000000     
  1.18367346938775509E-009   0.0000000000000000     
  1.18775510204081621E-009   0.0000000000000000     
  1.19183673469387754E-009   0.0000000000000000     
  1.19591836734693866E-009   0.0000000000000000     
  1.19999999999999999E-009   0.0000000000000000     
  1.20408163265306111E-009   0.0000000000000000     
  1.20816326530612244E-009   0.0000000000000000     
  1.21224489795918356E-009   0.0000000000000000     
  1.21632653061224489E-009   0.0000000000000000     
  1.22040816326530601E-009   0.0000000000000000     
  1.22448979591836734E-009   0.0000000000000000     
  1.22857142857142846E-009   0.0000000000000000     
  1.23265306122448979E-009   0.0000000000000000     
  1.23673469387755092E-009   0.0000000000000000     
  1.24081632653061224E-009   0.0000000000000000     
  1.24489795918367337E-009   0.0000000000000000     
  1.24897959183673469E-009   0.0000000000000000     
  1.25306122448979582E-009   0.0000000000000000     
  1.25714285714285714E-009   0.0000000000000000     
  1.26122448979591827E-009   0.0000000000000000     
  1.26530612244897959E-009   0.0000000000000000     
  1.26938775510204072E-009   0.0000000000000000     
  1.27346938775510205E-009   0.0000000000000000     
  1.27755102040816317E-009   0.0000000000000000     
  1.28163265306122450E-009   0.0000000000000000     
  1.28571428571428562E-009   0.0000000000000000     
  1.28979591836734695E-009   0.0000000000000000     
  1.29387755102040807E-009   0.0000000000000000     
  1.29795918367346940E-009   0.0000000000000000     
  1.30204081632653052E-009   0.0000000000000000     
  1.30612244897959185E-009   0.0000000000000000     
  1.31020408163265297E-009   0.0000000000000000     
  1.31428571428571430E-009   0.0000000000000000     
  1.31836734693877542E-009   0.0000000000000000     
  1.32244897959183675E-009   0.0000000000000000     
  1.32653061224489787E-009   0.0000000000000000     
  1.33061224489795920E-009   0.0000000000000000     
  1.33469387755102032E-009   0.0000000000000000     
  1.33877551020408165E-009   0.0000000000000000     
  1.34285714285714277E-009   0.0000000000000000     
  1.34693877551020410E-009   0.0000000000000000     
  1.35102040816326522E-009   0.0000000000000000     
  1.35510204081632655E-009   0.0000000000000000     
  1.35918367346938767E-009   0.0000000000000000     
  1.36326530612244900E-009   0.0000000000000000     
  1.36734693877551012E-009   0.0000000000000000     
  1.37142857142857145E-009   0.0000000000000000     
  1.37551020408163257E-009   0.0000000000000000     
  1.37959183673469390E-009   0.0000000000000000     
  1.38367346938775502E-009   0.0000000000000000     
  1.38775510204081635E-009   0.0000000000000000     
  1.39183673469387747E-009   0.0000000000000000     
  1.39591836734693880E-009   0.0000000000000000     
  1.39999999999999992E-009   0.0000000000000000     
  1.40408163265306125E-009   0.0000000000000000     
  1.40816326530612237E-009   0.0000000000000000     
  1.41224489795918370E-009   0.0000000000000000     
  1.41632653061224482E-009   0.0000000000000000     
  1.42040816326530615E-009   0.0000000000000000     
  1.42448979591836727E-009   0.0000000000000000     
  1.42857142857142860E-009   0.0000000000000000     
  1.43265306122448972E-009   0.0000000000000000     
  1.43673469387755105E-009   0.0000000000000000     
  1.44081632653061217E-009   0.0000000000000000     
  1.44489795918367350E-009   0.0000000000000000     
  1.44897959183673462E-009   0.0000000000000000     
  1.45306122448979595E-009   0.0000000000000000     
  1.45714285714285707E-009   0.0000000000000000     
  1.46122448979591840E-009   0.0000000000000000     
  1.46530612244897952E-009   0.0000000000000000     
  1.46938775510204085E-009   0.0000000000000000     
  1.47346938775510197E-009   0.0000000000000000     
  1.47755102040816330E-009   0.0000000000000000     
  1.48163265306122443E-009   0.0000000000000000     
  1.48571428571428575E-009   0.0000000000000000     
  1.48979591836734688E-009   0.0000000000000000     
  1.49387755102040820E-009   0.0000000000000000     
  1.49795918367346933E-009   0.0000000000000000     
  1.50204081632653065E-009   0.0000000000000000     
  1.50612244897959178E-009   0.0000000000000000     
  1.51020408163265310E-009   0.0000000000000000     
  1.51428571428571423E-009   0.0000000000000000     
  1.51836734693877555E-009   0.0000000000000000     
  1.52244897959183668E-009   0.0000000000000000     
  1.52653061224489801E-009   0.0000000000000000     
  1.53061224489795913E-009   0.0000000000000000     
  1.53469387755102046E-009   0.0000000000000000     
  1.53877551020408158E-009   0.0000000000000000     
  1.54285714285714291E-009   0.0000000000000000     
  1.54693877551020403E-009   0.0000000000000000     
  1.55102040816326536E-009   0.0000000000000000     
  1.55510204081632648E-009   0.0000000000000000     
  1.55918367346938781E-009   0.0000000000000000     
  1.56326530612244893E-009   0.0000000000000000     
  1.56734693877551005E-009   0.0000000000000000     
  1.57142857142857138E-009   0.0000000000000000     
  1.57551020408163250E-009   0.0000000000000000     
  1.57959183673469383E-009   0.0000000000000000     
  1.58367346938775495E-009   0.0000000000000000     
  1.58775510204081628E-009   0.0000000000000000     
  1.59183673469387740E-009   0.0000000000000000     
  1.59591836734693873E-009   0.0000000000000000     
  1.59999999999999985E-009   0.0000000000000000     
  1.60408163265306118E-009   0.0000000000000000     
  1.60816326530612230E-009  8.77485391392264704E-008
  1.61224489795918363E-009  3.48905395055800297E-007
  1.61632653061224475E-009  7.77225379997390293E-007
  1.62040816326530608E-009  1.36236998063146668E-006
  1.62448979591836720E-009  2.09001198188489791E-006
  1.62857142857142853E-009  2.94198081410721746E-006
  1.63265306122448965E-009  3.89644750648516505E-006
  1.63673469387755098E-009  4.92814782338480773E-006
  1.64081632653061210E-009  6.00864186362947368E-006
  1.64489795918367343E-009  7.10660811761991925E-006
  1.64897959183673455E-009  8.18816970563141766E-006
  1.65306122448979588E-009  9.21725026439796047E-006
  1.65714285714285700E-009  1.01559567099961508E-005
  1.66122448979591833E-009  1.09649858846995248E-005
  1.66530612244897945E-009  1.16040518954236555E-005
  1.66938775510204078E-009  1.20323307730252209E-005
  1.67346938775510190E-009  1.22089189263175064E-005
  1.67755102040816323E-009  1.20933017333414213E-005
  1.68163265306122435E-009  1.16458285061629025E-005
  1.68571428571428568E-009  1.08281899850517354E-005
  1.68979591836734681E-009  9.60389446399961873E-006
  1.69387755102040813E-009  7.93873862262693443E-006
  1.69795918367346926E-009  5.80126913992070175E-006
  1.70204081632653058E-009  3.16323119308273015E-006
  1.70612244897959171E-009  9.70577023158433470E-020
  1.71020408163265303E-009  3.70900835372085818E-006
  1.71428571428571416E-009  7.97995045299091090E-006
  1.71836734693877548E-009  1.28241969711109369E-005
  1.72244897959183661E-009  1.82480053206644299E-005
  1.72653061224489794E-009  2.42522267052116924E-005
  1.73061224489795906E-009  3.08320505304193523E-005
  1.73469387755102039E-009  3.79767889017353980E-005
  1.73877551020408151E-009  4.56697036832423852E-005
  1.74285714285714284E-009  5.38878783203139278E-005
  1.74693877551020396E-009  6.26021363388799319E-005
  1.75102040816326529E-009  7.17770081281360502E-005
  1.75510204081632641E-009  8.13707472933774628E-005
  1.75918367346938774E-009  9.13353975331611395E-005
  1.76326530612244886E-009  1.01616910652369767E-004
  1.76734693877551019E-009  1.12155315971988821E-004
  1.77142857142857131E-009  1.22884941039829690E-004
  1.77551020408163264E-009  1.33734683186170224E-004
  1.77959183673469376E-009  1.44628331106755835E-004
  1.78367346938775509E-009  1.55484935294989329E-004
  1.78775510204081621E-009  1.66219225787902483E-004
  1.79183673469387754E-009  1.76742075338827458E-004
  1.79591836734693866E-009  1.86961005786012431E-004
  1.79999999999999999E-009  1.96780735052896395E-004
  1.80408163265306111E-009  2.06103761894721617E-004
  1.80816326530612244E-009  2.14830985199672902E-004
  1.81224489795918356E-009  2.22862354362989061E-004
  1.81632653061224489E-009  2.30097546981401487E-004
  1.82040816326530601E-009  2.36436669864832465E-004
  1.82448979591836734E-009  2.41780979134216637E-004
  1.82857142857142846E-009  2.46033614970382012E-004
  1.83265306122448979E-009  2.49100346400586475E-004
  1.83673469387755091E-009  2.50890321358020251E-004
  1.84081632653061224E-009  2.51316817126562612E-004
  1.84489795918367336E-009  2.50297986189420077E-004
  1.84897959183673469E-009  2.47757592436886800E-004
  1.85306122448979581E-009  2.43625732656089686E-004
  1.85714285714285714E-009  2.37839538224784969E-004
  1.86122448979591826E-009  2.30343851962398321E-004
  1.86530612244897959E-009  2.21091875154781842E-004
  1.86938775510204092E-009  2.10045779864511333E-004
  1.87346938775510183E-009  1.97177281765865400E-004
  1.87755102040816316E-009  1.82468168902389689E-004
  1.88163265306122449E-009  1.65910781954685399E-004
  1.88571428571428582E-009  1.47508441825930982E-004
  1.88979591836734673E-009  1.27275820601618249E-004
  1.89387755102040806E-009  1.05239252217082045E-004
  1.89795918367346939E-009  8.14369794700601504E-005
  1.90204081632653072E-009  5.59193343444880267E-005
  1.90612244897959164E-009  2.87488489640487731E-005
  1.91020408163265296E-009  2.94868170665107292E-010
  1.91428571428571429E-009  3.02393513030918918E-005
  1.91836734693877562E-009  6.18710172173872697E-005
  1.92244897959183654E-009  9.47837204270051244E-005
  1.92653061224489786E-009  1.28854830749920431E-004
  1.93061224489795919E-009  1.63950409640133230E-004
  1.93469387755102052E-009  1.99925626273956788E-004
  1.93877551020408144E-009  2.36625249615167015E-004
  1.94285714285714277E-009  2.73884215255135502E-004
  1.94693877551020409E-009  3.11528265357455670E-004
  1.95102040816326542E-009  3.49374659572421751E-004
  1.95510204081632634E-009  3.87232954328218658E-004
  1.95918367346938767E-009  4.24905847455107660E-004
  1.96326530612244899E-009  4.62190084659420606E-004
  1.96734693877551032E-009  4.98877423938116600E-004
  1.97142857142857124E-009  5.34755653615060444E-004
  1.97551020408163257E-009  5.69609659289128283E-004
  1.97959183673469390E-009  6.03222534614761686E-004
  1.98367346938775522E-009  6.35376730489600771E-004
  1.98775510204081614E-009  6.65855236904076353E-004
  1.99183673469387747E-009  6.94442791416011260E-004
  1.99591836734693880E-009  7.20927107951871405E-004
  2.00000000000000012E-009  7.45100119406793757E-004
  2.00408163265306104E-009  7.66759227319993445E-004
  2.00816326530612237E-009  7.85708551741743635E-004
  2.01224489795918370E-009  8.01760174284600852E-004
  2.01632653061224503E-009  8.14735367265723826E-004
  2.02040816326530594E-009  8.24465801800288410E-004
  2.02448979591836727E-009  8.30794727698549573E-004
  2.02857142857142860E-009  8.33578118051915974E-004
  2.03265306122448993E-009  8.32685771466538439E-004
  2.03673469387755084E-009  8.28002365016643530E-004
  2.04081632653061217E-009  8.19428451143917771E-004
  2.04489795918367350E-009  8.06881391923372515E-004
  2.04897959183673483E-009  7.90296224349726090E-004
  2.05306122448979574E-009  7.69626450570511491E-004
  2.05714285714285707E-009  7.44844747301969695E-004
  2.06122448979591840E-009  7.15943589009918231E-004
  2.06530612244897973E-009  6.82935779818882936E-004
  2.06938775510204064E-009  6.45854889526926578E-004
  2.07346938775510197E-009  6.04755589549256967E-004
  2.07755102040816330E-009  5.59713885088429942E-004
  2.08163265306122463E-009  5.10827240330835467E-004
  2.08571428571428554E-009  4.58214593995399878E-004
  2.08979591836734687E-009  4.02016263108896969E-004
  2.09387755102040820E-009  3.42393733449724647E-004
  2.09795918367346911E-009  2.79529335686117019E-004
  2.10204081632653044E-009  2.13625806831878654E-004
  2.10612244897959177E-009  1.44905737250555279E-004
  2.11020408163265310E-009  7.36109040537062404E-005
  2.11428571428571402E-009  1.49235739032884664E-009
  2.11836734693877534E-009  7.56447935195866781E-005
  2.12244897959183667E-009  1.53033726215918222E-004
  2.12653061224489800E-009  2.31855655536269061E-004
  2.13061224489795892E-009  3.11786708797215785E-004
  2.13469387755102024E-009  3.92490086811631564E-004
  2.13877551020408157E-009  4.73617450440955439E-004
  2.14285714285714290E-009  5.54810392092070599E-004
  2.14693877551020382E-009  6.35701986006004401E-004
  2.15102040816326515E-009  7.15918410681165790E-004
  2.15510204081632647E-009  7.95080636298543244E-004
  2.15918367346938780E-009  8.72806169571986720E-004
  2.16326530612244872E-009  9.48710848037178094E-004
  2.16734693877551005E-009  1.02241067541960725E-003
  2.17142857142857137E-009  1.09352368938813891E-003
  2.17551020408163270E-009  1.16167185270813953E-003
  2.17959183673469362E-009  1.22648295855918850E-003
  2.18367346938775495E-009  1.28759254057827241E-003
  2.18775510204081628E-009  1.34464577803224215E-003
  2.19183673469387760E-009  1.39729938641409111E-003
  2.19591836734693852E-009  1.44522348369778108E-003
  2.19999999999999985E-009  1.48810342247621586E-003
  2.20408163265306118E-009  1.52564157824772108E-003
  2.20816326530612250E-009  1.55755908420785794E-003
  2.21224489795918342E-009  1.58359750304605182E-003
  2.21632653061224475E-009  1.60352042643976587E-003
  2.22040816326530608E-009  1.61711499318258176E-003
  2.22448979591836741E-009  1.62419331717576928E-003
  2.22857142857142832E-009  1.62459381685462964E-003
  2.23265306122448965E-009  1.61818243800988934E-003
  2.23673469387755098E-009  1.60485376239912999E-003
  2.24081632653061231E-009  1.58453199502196058E-003
  2.24489795918367322E-009  1.55717182345311471E-003
  2.24897959183673455E-009  1.52275914318799666E-003
  2.25306122448979588E-009  1.48131164355241938E-003
  2.25714285714285721E-009  1.43287924936021929E-003
  2.26122448979591812E-009  1.37754441416555284E-003
  2.26530612244897945E-009  1.31542226164859115E-003
  2.26938775510204078E-009  1.24666057238994698E-003
  2.27346938775510211E-009  1.17143961402803136E-003
  2.27755102040816302E-009  1.08997181354977455E-003
  2.28163265306122435E-009  1.00250127123666165E-003
  2.28571428571428568E-009  9.09303116569338361E-004
  2.28979591836734701E-009  8.10682707182821486E-004
  2.29387755102040792E-009  7.06974672755104633E-004
  2.29795918367346925E-009  5.98541806502220111E-004
  2.30204081632653058E-009  4.85773807737115528E-004
  2.30612244897959191E-009  3.69085879725363798E-004
  2.31020408163265282E-009  2.48917187832207066E-004
  2.31428571428571415E-009  1.25729183700466367E-004
  2.31836734693877548E-009  3.80192180291763290E-009
  2.32244897959183681E-009  1.27758463637566658E-004
  2.32653061224489772E-009  2.57040596026755178E-004
  2.33061224489795905E-009  3.87311195448560648E-004
  2.33469387755102038E-009  5.18026714478566253E-004
  2.33877551020408171E-009  6.48633778635648601E-004
  2.34285714285714262E-009  7.78571582155934282E-004
  2.34693877551020395E-009  9.07274348348546312E-004
  2.35102040816326528E-009  1.03417384348649549E-003
  2.35510204081632661E-009  1.15870193281155526E-003
  2.35918367346938753E-009  1.28029316691099832E-003
  2.36326530612244885E-009  1.39838738645769664E-003
  2.36734693877551018E-009  1.51243233309607630E-003
  2.37142857142857151E-009  1.62188625410557784E-003
  2.37551020408163243E-009  1.72622048838245155E-003
  2.37959183673469375E-009  1.82492202125001377E-003
  2.38367346938775508E-009  1.91749599563842150E-003
  2.38775510204081641E-009  2.00346816726717147E-003
  2.39183673469387733E-009  2.08238729161773104E-003
  2.39591836734693866E-009  2.15382743069849388E-003
  2.39999999999999998E-009  2.21739016788038068E-003
  2.40408163265306131E-009  2.27270671941677289E-003
  2.40816326530612223E-009  2.31943993165582797E-003
  2.41224489795918356E-009  2.35728615340411590E-003
  2.41632653061224488E-009  2.38597697340702745E-003
  2.42040816326530621E-009  2.40528081347069324E-003
  2.42448979591836713E-009  2.41500436836037790E-003
  2.42857142857142846E-009  2.41499388426836365E-003
  2.43265306122448979E-009  2.40513626834764054E-003
  2.43673469387755111E-009  2.38536002255300113E-003
  2.44081632653061203E-009  2.35563599581484987E-003
  2.44489795918367336E-009  2.31597794938994545E-003
  2.44897959183673469E-009  2.26644293108309693E-003
  2.45306122448979601E-009  2.20713145491116059E-003
  2.45714285714285693E-009  2.13818748368070372E-003
  2.46122448979591826E-009  2.05979821286985483E-003
  2.46530612244897959E-009  1.97219365513803986E-003
  2.46938775510204092E-009  1.87564602573084098E-003
  2.47346938775510183E-009  1.77046892999543405E-003
  2.47755102040816316E-009  1.65701635517167905E-003
  2.48163265306122449E-009  1.53568146956897041E-003
  2.48571428571428582E-009  1.40689523317604490E-003
  2.48979591836734673E-009  1.27112482467398296E-003
  2.49387755102040806E-009  1.12887189072863564E-003
  2.49795918367346939E-009  9.80670624321745236E-004
  2.50204081632653072E-009  8.27085679736689326E-004
  2.50612244897959163E-009  6.68709932639677154E-004
  2.51020408163265296E-009  5.06162094487427427E-004
  2.51428571428571429E-009  3.40084191242622208E-004
  2.51836734693877562E-009  1.71138917085761675E-004
  2.52244897959183653E-009  6.87447182119088157E-009
  2.52653061224489786E-009  1.72616287509872276E-004
  2.53061224489795919E-009  3.46022823958396333E-004
  2.53469387755102052E-009  5.19495921153000475E-004
  2.53877551020408143E-009  6.92312786260844458E-004
  2.54285714285714276E-009  8.63747785929340158E-004
  2.54693877551020409E-009  1.03307561961806719E-003
  2.55102040816326542E-009  1.19957451327693345E-003
  2.55510204081632633E-009  1.36252941879715225E-003
  2.55918367346938766E-009  1.52123520454897315E-003
  2.56326530612244899E-009  1.67499982227813462E-003
  2.56734693877551032E-009  1.82314743566005990E-003
  2.57142857142857123E-009  1.96502149590915267E-003
  2.57551020408163256E-009  2.09998775000773972E-003
  2.57959183673469389E-009  2.22743716735726658E-003
  2.58367346938775522E-009  2.34678877095985177E-003
  2.58775510204081613E-009  2.45749235961289451E-003
  2.59183673469387746E-009  2.55903110803846383E-003
  2.59591836734693879E-009  2.65092403237390155E-003
  2.60000000000000012E-009  2.73272830901566356E-003
  2.60408163265306104E-009  2.80404143543473401E-003
  2.60816326530612236E-009  2.86450322226396376E-003
  2.61224489795918369E-009  2.91379760669438709E-003
  2.61632653061224461E-009  2.95165427800402795E-003
  2.62040816326530594E-009  2.97785010687653343E-003
  2.62448979591836726E-009  2.99221037104331882E-003
  2.62857142857142859E-009  2.99460977069849468E-003
  2.63265306122448951E-009  2.98497322808606450E-003
  2.63673469387755084E-009  2.96327646663917558E-003
  2.64081632653061217E-009  2.92954636605730458E-003
  2.64489795918367349E-009  2.88386109073416816E-003
  2.64897959183673441E-009  2.82634998999198783E-003
  2.65306122448979574E-009  2.75719326963179629E-003
  2.65714285714285707E-009  2.67662143536940992E-003
  2.66122448979591839E-009  2.58491450978774566E-003
  2.66530612244897931E-009  2.48240102549290333E-003
  2.66938775510204064E-009  2.36945679820918954E-003
  2.67346938775510197E-009  2.24650348458155626E-003
  2.67755102040816330E-009  2.11400693046822101E-003
  2.68163265306122421E-009  1.97247531649599999E-003
  2.68571428571428554E-009  1.82245710861211798E-003
  2.68979591836734687E-009  1.66453882229343638E-003
  2.69387755102040820E-009  1.49934260996343141E-003
  2.69795918367346911E-009  1.32752368201360504E-003
  2.70204081632653044E-009  1.14976757262624536E-003
  2.70612244897959177E-009  9.66787262344557087E-004
  2.71020408163265310E-009  7.79320170031388721E-004
  2.71428571428571401E-009  5.88125027494656289E-004
  2.71836734693877534E-009  3.93978650634221916E-004
  2.72244897959183667E-009  1.97672621476805213E-004
  2.72653061224489800E-009  9.89591239648277173E-009
  2.73061224489795891E-009  1.98198647678243816E-004
  2.73469387755102024E-009  3.96137703407645409E-004
  2.73877551020408157E-009  5.92991060746371110E-004
  2.74285714285714290E-009  7.87945139375555224E-004
  2.74693877551020381E-009  9.80192520048933126E-004
  2.75102040816326514E-009  1.16893545547322084E-003
  2.75510204081632647E-009  1.35338934527998145E-003
  2.75918367346938780E-009  1.53278615929934581E-003
  2.76326530612244871E-009  1.70637779355970820E-003
  2.76734693877551004E-009  1.87343934372242418E-003
  2.77142857142857137E-009  2.03327228101958003E-003
  2.77551020408163270E-009  2.18520751619068762E-003
  2.77959183673469361E-009  2.32860833741241032E-003
  2.78367346938775494E-009  2.46287320877826852E-003
  2.78775510204081627E-009  2.58743841651277963E-003
  2.79183673469387760E-009  2.70178055079228936E-003
  2.79591836734693851E-009  2.80541881179056929E-003
  2.79999999999999984E-009  2.89791712936639766E-003
  2.80408163265306117E-009  2.97888608666022113E-003
  2.80816326530612250E-009  3.04798463876292461E-003
  2.81224489795918342E-009  3.10492161855786342E-003
  2.81632653061224474E-009  3.14945702281262379E-003
  2.82040816326530607E-009  3.18140307260553071E-003
  2.82448979591836740E-009  3.20062504320845062E-003
  2.82857142857142832E-009  3.20704185960765014E-003
  2.83265306122448964E-009  3.20071419295843689E-003
  2.83673469387755097E-009  3.18175477470397259E-003
  2.84081632653061230E-009  3.15023842897647942E-003
  2.84489795918367322E-009  3.10628953634439634E-003
  2.84897959183673455E-009  3.05008154293930816E-003
  2.85306122448979587E-009  2.98183627594354522E-003
  2.85714285714285720E-009  2.90182306814004178E-003
  2.86122448979591812E-009  2.81035769497926715E-003
  2.86530612244897945E-009  2.70780112835831369E-003
  2.86938775510204077E-009  2.59455811203024734E-003
  2.87346938775510210E-009  2.47107556426615560E-003
  2.87755102040816302E-009  2.33784081407353026E-003
  2.88163265306122435E-009  2.19537967793213568E-003
  2.88571428571428568E-009  2.04425438463733513E-003
  2.88979591836734700E-009  1.88506135644091080E-003
  2.89387755102040792E-009  1.71842885524574091E-003
  2.89795918367346925E-009  1.54501450314414499E-003
  2.90204081632653058E-009  1.36550268708491413E-003
  2.90612244897959190E-009  1.18060185791182739E-003
  2.91020408163265282E-009  9.91041734432911419E-004
  2.91428571428571415E-009  7.97570423554852591E-004
  2.91836734693877548E-009  6.00951467847949902E-004
  2.92244897959183681E-009  4.01960832193688723E-004
  2.92653061224489772E-009  2.01383841407038491E-004
  2.93061224489795905E-009  1.20809194494761506E-008
  2.93469387755102038E-009  2.01359727246001668E-004
  2.93877551020408171E-009  4.01936860878041578E-004
  2.94285714285714262E-009  6.00927733981485956E-004
  2.94693877551020395E-009  7.97547020804251347E-004
  2.95102040816326528E-009  9.91018755158122860E-004
  2.95510204081632661E-009  1.18057939280150352E-003
  2.95918367346938752E-009  1.36548082479854703E-003
  2.96326530612244885E-009  1.54499332996214630E-003
  2.96734693877551018E-009  1.71840845472897327E-003
  2.97142857142857151E-009  1.88504180910085213E-003
  2.97551020408163242E-009  2.04423576761837526E-003
  2.97959183673469375E-009  2.19536206470709707E-003
  2.98367346938775508E-009  2.33782427415377093E-003
  2.98775510204081641E-009  2.47106016292713985E-003
  2.99183673469387732E-009  2.59454391005399911E-003
  2.99591836734693865E-009  2.70778818179351084E-003
  2.99999999999999998E-009  2.81034605492009020E-003
  3.00408163265306131E-009  2.90181278052445641E-003
  3.00816326530612222E-009  2.98182738137205312E-003
  3.01224489795918355E-009  3.05007407651469850E-003
  3.01632653061224488E-009  3.10628352753323849E-003
  3.02040816326530621E-009  3.15023390149278939E-003
  3.02448979591836712E-009  3.18175174641565327E-003
  3.02857142857142845E-009  3.20071267581675161E-003
  3.03265306122448978E-009  3.20704185960006549E-003
  3.03673469387755111E-009  3.20071431937870915E-003
  3.04081632653061202E-009  3.18175502705317923E-003
  3.04489795918367335E-009  3.15023880625871786E-003
  3.04897959183673468E-009  3.10629003707070354E-003
  3.05306122448979601E-009  3.05008216513354049E-003
  3.05714285714285693E-009  2.98183701715019249E-003
  3.06122448979591825E-009  2.90182392543391135E-003
  3.06530612244897958E-009  2.81035866497700380E-003
  3.06938775510204091E-009  2.70780220723176954E-003
  3.07346938775510183E-009  2.59455929552161431E-003
  3.07755102040816315E-009  2.47107684770475015E-003
  3.08163265306122448E-009  2.33784219239419533E-003
  3.08571428571428581E-009  2.19538114569525506E-003
  3.08979591836734673E-009  2.04425593605033623E-003
  3.09387755102040806E-009  1.88506298538109580E-003
  3.09795918367346938E-009  1.71843055528441238E-003
  3.10204081632653071E-009  1.54501626757200966E-003
  3.10612244897959163E-009  1.36550450893860309E-003
  3.11020408163265296E-009  1.18060373000134096E-003
  3.11428571428571428E-009  9.91043649369949785E-004
  3.11836734693877561E-009  7.97572373782014861E-004
  3.12244897959183653E-009  6.00953445668605309E-004
  3.12653061224489786E-009  4.01962829802308312E-004
  3.13061224489795919E-009  2.01385850919954585E-004
  3.13469387755102010E-009  1.40944060129831034E-008
  3.13877551020408143E-009  2.01357717732053684E-004
  3.14285714285714276E-009  4.01934863267362221E-004
  3.14693877551020409E-009  6.00925756157728863E-004
  3.15102040816326500E-009  7.97545070573002176E-004
  3.15510204081632633E-009  9.91016840216006308E-004
  3.15918367346938766E-009  1.18057752070594053E-003
  3.16326530612244899E-009  1.36547900293785022E-003
  3.16734693877550990E-009  1.54499156552636457E-003
  3.17142857142857123E-009  1.71840675468149635E-003
  3.17551020408163256E-009  1.88504018015100755E-003
  3.17959183673469389E-009  2.04423421619489036E-003
  3.18367346938775480E-009  2.19536059693272801E-003
  3.18775510204081613E-009  2.33782289582112586E-003
  3.19183673469387746E-009  2.47105887947588225E-003
  3.19591836734693879E-009  2.59454272654933071E-003
  3.19999999999999970E-009  2.70778710290617937E-003
  3.20408163265306103E-009  2.81034508490795231E-003
  3.20816326530612236E-009  2.90181192321571722E-003
  3.21224489795918369E-009  2.98182664015012207E-003
  3.21632653061224460E-009  3.05007345430483674E-003
  3.22040816326530593E-009  3.10628302679101347E-003
  3.22448979591836726E-009  3.15023352419441021E-003
  3.22857142857142859E-009  3.18175149405014067E-003
  3.23265306122448950E-009  3.20071254938007841E-003
  3.23673469387755083E-009  3.20704185959121667E-003
  3.24081632653061216E-009  3.20071444579772069E-003
  3.24489795918367349E-009  3.18175527940113469E-003
  3.24897959183673440E-009  3.15023918353971033E-003
  3.25306122448979573E-009  3.10629053779578647E-003
  3.25714285714285706E-009  3.05008278732657413E-003
  3.26122448979591839E-009  2.98183775835567317E-003
  3.26530612244897931E-009  2.90182478272662690E-003
  3.26938775510204063E-009  2.81035963497363282E-003
  3.27346938775510196E-009  2.70780328610416374E-003
  3.27755102040816329E-009  2.59456047901197211E-003
  3.28163265306122421E-009  2.47107813114235634E-003
  3.28571428571428553E-009  2.33784357071393145E-003
  3.28979591836734686E-009  2.19538261345751749E-003
  3.29387755102040819E-009  2.04425748746254890E-003
  3.29795918367346911E-009  1.88506461432051946E-003
  3.30204081632653044E-009  1.71843225532239668E-003
  3.30612244897959176E-009  1.54501803199928538E-003
  3.31020408163265309E-009  1.36550633079177467E-003
  3.31428571428571401E-009  1.18060560209036795E-003
  3.31836734693877534E-009  9.91045564306586562E-004
  3.32244897959183666E-009  7.97574324008884831E-004
  3.32653061224489799E-009  6.00955423489046153E-004
  3.33061224489795891E-009  4.01964827410746948E-004
  3.33469387755102024E-009  2.01387860432779932E-004
  3.33877551020408157E-009  1.61078925992719056E-008
  3.34285714285714289E-009  2.01355708218049106E-004
  3.34693877551020381E-009  4.01932865656547014E-004
  3.35102040816326514E-009  6.00923778333746039E-004
  3.35510204081632647E-009  7.97543120341416578E-004
  3.35918367346938779E-009  9.91014925273520694E-004
  3.36326530612244871E-009  1.18057564860993302E-003
  3.36734693877551004E-009  1.36547718107660502E-003
  3.37142857142857137E-009  1.54498980108995401E-003
  3.37551020408163270E-009  1.71840505463336088E-003
  3.37959183673469361E-009  1.88503855120043828E-003
  3.38367346938775494E-009  2.04423266477059100E-003
  3.38775510204081627E-009  2.19535912915747727E-003
  3.39183673469387760E-009  2.33782151748757484E-003
  3.39591836734693851E-009  2.47105759602366578E-003
  3.39999999999999984E-009  2.59454154304363232E-003
  3.40408163265306117E-009  2.70778602401776890E-003
  3.40816326530612250E-009  2.81034411489471765E-003
  3.41224489795918341E-009  2.90181106590584959E-003
  3.41632653061224474E-009  2.98182589892701140E-003
  3.42040816326530607E-009  3.05007283209376588E-003
  3.42448979591836740E-009  3.10628252604756979E-003
  3.42857142857142831E-009  3.15023314689479158E-003
  3.43265306122448964E-009  3.18175124168337299E-003
  3.43673469387755097E-009  3.20071242294214147E-003
  3.44081632653061230E-009  3.20704185958110366E-003
  3.44489795918367321E-009  3.20071457221546979E-003
  3.44897959183673454E-009  3.18175553174783552E-003
  3.45306122448979587E-009  3.15023956081946551E-003
  3.45714285714285720E-009  3.10629103851963991E-003
  3.46122448979591811E-009  3.05008340951840170E-003
  3.46530612244897944E-009  2.98183849955997813E-003
  3.46938775510204077E-009  2.90182564001820837E-003
  3.47346938775510210E-009  2.81036060496913775E-003
  3.47755102040816301E-009  2.70780436497548545E-003
  3.48163265306122434E-009  2.59456166250130685E-003
  3.48571428571428567E-009  2.47107941457900280E-003
  3.48979591836734700E-009  2.33784494903273776E-003
  3.49387755102040791E-009  2.19538408121890648E-003
  3.49795918367346924E-009  2.04425903887395580E-003
  3.50204081632653057E-009  1.88506624325921867E-003
  3.50612244897959190E-009  1.71843395535969425E-003
  3.51020408163265282E-009  1.54501979642593205E-003
  3.51428571428571414E-009  1.36550815264440805E-003
  3.51836734693877547E-009  1.18060747417895085E-003
  3.52244897959183680E-009  9.91047479242821751E-004
  3.52653061224489772E-009  7.97576274235418372E-004
  3.53061224489795904E-009  6.00957401309250099E-004
  3.53469387755102037E-009  4.01966825019038458E-004
  3.53877551020408170E-009  2.01389869945514530E-004
  3.54285714285714262E-009  1.81213791627669552E-008
  3.54693877551020395E-009  2.01353698703942341E-004
  3.55102040816326527E-009  4.01930868045562075E-004
  3.55510204081632660E-009  6.00921800509537484E-004
  3.55918367346938752E-009  7.97541170109538678E-004
  3.56326530612244885E-009  9.91013010330622866E-004
  3.56734693877551017E-009  1.18057377651344976E-003
  3.57142857142857150E-009  1.36547535921484223E-003
  3.57551020408163242E-009  1.54498803665295407E-003
  3.57959183673469375E-009  1.71840335458452891E-003
  3.58367346938775508E-009  1.88503692224911679E-003
  3.58775510204081640E-009  2.04423111334550277E-003
  3.59183673469387732E-009  2.19535766138137696E-003
  3.59591836734693865E-009  2.33782013915309487E-003
  3.59999999999999998E-009  2.47105631257046789E-003
  3.60408163265306130E-009  2.59454035953692475E-003
  3.60816326530612222E-009  2.70778494512830242E-003
  3.61224489795918355E-009  2.81034314488036972E-003
  3.61632653061224488E-009  2.90181020859482273E-003
  3.62040816326530621E-009  2.98182515770273370E-003
  3.62448979591836712E-009  3.05007220988149979E-003
  3.62857142857142845E-009  3.10628202530289924E-003
  3.63265306122448978E-009  3.15023276959392742E-003
  3.63673469387755111E-009  3.18175098931535415E-003
  3.64081632653061202E-009  3.20071229650294468E-003
  3.64489795918367335E-009  3.20704185956972648E-003
  3.64897959183673468E-009  3.20071469863195861E-003
  3.65306122448979601E-009  3.18175578409327997E-003
  3.65714285714285692E-009  3.15023993809797429E-003
  3.66122448979591825E-009  3.10629153924227080E-003
  3.66530612244897958E-009  3.05008403170903448E-003
  3.66938775510204049E-009  2.98183924076309914E-003
  3.67346938775510182E-009  2.90182649730864146E-003
  3.67755102040816315E-009  2.81036157496355110E-003
  3.68163265306122448E-009  2.70780544384575115E-003
  3.68571428571428539E-009  2.59456284598960597E-003
  3.68979591836734672E-009  2.47108069801467564E-003
  3.69387755102040805E-009  2.33784632735064678E-003
  3.69795918367346938E-009  2.19538554897943765E-003
  3.70204081632653030E-009  2.04426059028453089E-003
  3.70612244897959162E-009  1.88506787219716522E-003
  3.71020408163265295E-009  1.71843565539633392E-003
  3.71428571428571428E-009  1.54502156085198957E-003
  3.71836734693877520E-009  1.36550997449648263E-003
  3.72244897959183652E-009  1.18060934626706840E-003
  3.72653061224489785E-009  9.91049394178698936E-004
  3.73061224489795918E-009  7.97578224461648554E-004
  3.73469387755102051E-009  6.00959379129183645E-004
  3.73877551020408184E-009  4.01968822627160182E-004
  3.74285714285714234E-009  2.01391879458169765E-004
  3.74693877551020367E-009  2.01348657718296643E-008
  3.75102040816326500E-009  2.01351689189756267E-004
  3.75510204081632633E-009  4.01928870434396183E-004
  3.75918367346938765E-009  6.00919822685080972E-004
  3.76326530612244898E-009  7.97539219877335301E-004
  3.76734693877551031E-009  9.91011095387367034E-004
  3.77142857142857164E-009  1.18057190441651157E-003
  3.77551020408163214E-009  1.36547353735254123E-003
  3.77959183673469347E-009  1.54498627221530578E-003
  3.78367346938775480E-009  1.71840165453501976E-003
  3.78775510204081613E-009  1.88503529329703376E-003
  3.79183673469387746E-009  2.04422956191960053E-003
  3.79591836734693878E-009  2.19535619360440365E-003
  3.80000000000000011E-009  2.33781876081770113E-003
  3.80408163265306144E-009  2.47105502911630333E-003
  3.80816326530612194E-009  2.59453917602919457E-003
  3.81224489795918327E-009  2.70778386623774479E-003
  3.81632653061224460E-009  2.81034217486490290E-003
  3.82040816326530593E-009  2.90180935128265703E-003
  3.82448979591836726E-009  2.98182441647727595E-003
  3.82857142857142859E-009  3.05007158766802764E-003
  3.83265306122448991E-009  3.10628152455700657E-003
  3.83673469387755124E-009  3.15023239229182466E-003
  3.84081632653061174E-009  3.18175073694608110E-003
  3.84489795918367307E-009  3.20071217006248328E-003
  3.84897959183673440E-009  3.20704185955708512E-003
  3.85306122448979573E-009  3.20071482504718499E-003
  3.85714285714285706E-009  3.18175603643747109E-003
  3.86122448979591839E-009  3.15024031537524361E-003
  3.86530612244897972E-009  3.10629203996367525E-003
  3.86938775510204104E-009  3.05008465389845773E-003
  3.87346938775510155E-009  2.98183998196504488E-003
  3.87755102040816287E-009  2.90182735459794004E-003
  3.88163265306122420E-009  2.81036254495685162E-003
  3.88571428571428553E-009  2.70780652271494391E-003
  3.88979591836734686E-009  2.59456402947688854E-003
  3.89387755102040819E-009  2.47108198144935232E-003
  3.89795918367346952E-009  2.33784770566760215E-003
  3.90204081632653085E-009  2.19538701673910363E-003
  3.90612244897959135E-009  2.04426214169431755E-003
  3.91020408163265268E-009  1.88506950113438731E-003
  3.91428571428571400E-009  1.71843735543228664E-003
  3.91836734693877533E-009  1.54502332527742844E-003
  3.92244897959183666E-009  1.36551179634802921E-003
  3.92653061224489799E-009  1.18061121835468853E-003
  3.93061224489795932E-009  9.91051309114142224E-004
  3.93469387755102065E-009  7.97580174687564317E-004
  3.93877551020408115E-009  6.00961356948902735E-004
  3.94285714285714248E-009  4.01970820235157276E-004
  3.94693877551020380E-009  2.01393888970779708E-004
  3.95102040816326513E-009  2.21483523239159313E-008
  3.95510204081632646E-009  2.01349679675524954E-004
  3.95918367346938779E-009  4.01926872823116937E-004
  3.96326530612244912E-009  6.00917844860387562E-004
  3.96734693877551045E-009  7.97537269644817614E-004
  3.97142857142857095E-009  9.91009180443698772E-004
  3.97551020408163228E-009  1.18057003231907638E-003
  3.97959183673469361E-009  1.36547171548967081E-003
  3.98367346938775493E-009  1.54498450777709783E-003
  3.98775510204081626E-009  1.71839995448486204E-003
  3.99183673469387759E-009  1.88503366434424470E-003
  3.99591836734693892E-009  2.04422801049289251E-003
  4.00000000000000025E-009  2.19535472582656514E-003
  4.00408163265306075E-009  2.33781738248137801E-003
  4.00816326530612208E-009  2.47105374566114304E-003
  4.01224489795918341E-009  2.59453799252042181E-003
  4.01632653061224474E-009  2.70778278734615024E-003
  4.02040816326530606E-009  2.81034120484835058E-003
  4.02448979591836739E-009  2.90180849396934771E-003
  4.02857142857142872E-009  2.98182367525064336E-003
  4.03265306122449005E-009  3.05007096545335333E-003
  4.03673469387755055E-009  3.10628102380988659E-003
  4.04081632653061188E-009  3.15023201498847464E-003
  4.04489795918367321E-009  3.18175048457554951E-003
  4.04897959183673454E-009  3.20071204362076377E-003
  4.05306122448979587E-009  3.20704185954317914E-003
  4.05714285714285719E-009  3.20071495146114979E-003
  4.06122448979591852E-009  3.18175628878040800E-003
  4.06530612244897985E-009  3.15024069265127131E-003
  4.06938775510204035E-009  3.10629254068385801E-003
  4.07346938775510168E-009  3.05008527608668922E-003
  4.07755102040816301E-009  2.98184072316582793E-003
  4.08163265306122434E-009  2.90182821188607592E-003
